﻿Time,V,dV/dt
0,0,0
0.1,-0.036621094,-0.036621094
0.2,-0.042724609,-0.006103516
0.3,-0.030517578,0.012207031
0.4,0.042724609,0.073242188
0.5,-0.006103516,-0.048828125
0.6,-0.006103516,0
0.7,0.012207031,0.018310547
0.8,0.012207031,0
0.9,0.030517578,0.018310547
1,0.115966797,0.085449219
1.1,0.079345703,-0.036621094
1.2,0.256347656,0.177001953
1.3,0.335693359,0.079345703
1.4,0.518798828,0.183105469
1.5,0.531005859,0.012207031
1.6,0.5859375,0.054931641
1.7,0.640869141,0.054931641
1.8,0.799560547,0.158691406
1.9,0.793457031,-0.006103516
2,0.897216797,0.103759766
2.1,0.927734375,0.030517578
2.2,1.086425781,0.158691406
2.3,1.123046875,0.036621094
2.4,1.177978516,0.054931641
2.5,1.257324219,0.079345703
2.6,1.300048828,0.042724609
2.7,1.391601563,0.091552734
2.8,1.409912109,0.018310547
2.9,1.470947266,0.061035156
3,1.525878906,0.054931641
3.1,1.495361328,-0.030517578
3.2,1.568603516,0.073242188
3.3,1.647949219,0.079345703
3.4,1.696777344,0.048828125
3.5,1.727294922,0.030517578
3.6,1.678466797,-0.048828125
3.7,1.733398438,0.054931641
3.8,1.739501953,0.006103516
3.9,1.751708984,0.012207031
4,1.800537109,0.048828125
4.1,1.818847656,0.018310547
4.2,1.800537109,-0.018310547
4.3,1.818847656,0.018310547
4.4,1.800537109,-0.018310547
4.5,1.873779297,0.073242188
4.6,1.831054688,-0.042724609
4.7,1.837158203,0.006103516
4.8,1.837158203,0
4.9,1.85546875,0.018310547
5,1.837158203,-0.018310547
5.1,1.892089844,0.054931641
5.2,1.849365234,-0.042724609
5.3,1.916503906,0.067138672
5.4,1.934814453,0.018310547
5.5,1.904296875,-0.030517578
5.6,1.916503906,0.012207031
5.7,1.910400391,-0.006103516
5.8,1.934814453,0.024414063
5.9,1.989746094,0.054931641
6,1.989746094,0
6.1,1.959228516,-0.030517578
6.2,1.977539063,0.018310547
6.3,1.965332031,-0.012207031
6.4,1.983642578,0.018310547
6.5,2.062988281,0.079345703
6.6,2.001953125,-0.061035156
6.7,2.008056641,0.006103516
6.8,1.971435547,-0.036621094
6.9,2.001953125,0.030517578
7,1.965332031,-0.036621094
7.1,2.075195313,0.109863281
7.2,2.038574219,-0.036621094
7.3,2.087402344,0.048828125
7.4,2.008056641,-0.079345703
7.5,2.087402344,0.079345703
7.6,2.044677734,-0.042724609
7.7,2.124023438,0.079345703
7.8,2.136230469,0.012207031
7.9,2.093505859,-0.042724609
8,2.111816406,0.018310547
8.1,2.136230469,0.024414063
8.2,2.099609375,-0.036621094
8.3,2.160644531,0.061035156
8.4,2.203369141,0.042724609
8.5,2.233886719,0.030517578
8.6,2.203369141,-0.030517578
8.7,2.264404297,0.061035156
8.8,2.258300781,-0.006103516
8.9,2.331542969,0.073242188
9,2.374267578,0.042724609
9.1,2.362060547,-0.012207031
9.2,2.453613281,0.091552734
9.3,2.502441406,0.048828125
9.4,2.606201172,0.103759766
9.5,2.673339844,0.067138672
9.6,2.728271484,0.054931641
9.7,2.825927734,0.09765625
9.8,2.941894531,0.115966797
9.9,2.825927734,-0.115966797
10,3.22265625,0.396728516
10.1,3.369140625,0.146484375
10.2,3.454589844,0.085449219
10.3,3.460693359,0.006103516
10.4,3.61328125,0.152587891
10.5,3.631591797,0.018310547
10.6,3.814697266,0.183105469
10.7,3.820800781,0.006103516
10.8,3.948974609,0.128173828
10.9,4.016113281,0.067138672
11,4.113769531,0.09765625
11.1,4.107666016,-0.006103516
11.2,4.205322266,0.09765625
11.3,4.193115234,-0.012207031
11.4,4.290771484,0.09765625
11.5,4.333496094,0.042724609
11.6,4.302978516,-0.030517578
11.7,4.351806641,0.048828125
11.8,4.351806641,0
11.9,4.266357422,-0.085449219
12,4.309082031,0.042724609
12.1,4.187011719,-0.122070313
12.2,4.266357422,0.079345703
12.3,4.162597656,-0.103759766
12.4,4.168701172,0.006103516
12.5,4.083251953,-0.085449219
12.6,4.052734375,-0.030517578
12.7,3.948974609,-0.103759766
12.8,3.875732422,-0.073242188
12.9,3.845214844,-0.030517578
13,3.771972656,-0.073242188
13.1,3.686523438,-0.085449219
13.2,3.607177734,-0.079345703
13.3,3.509521484,-0.09765625
13.4,3.356933594,-0.152587891
13.5,3.314208984,-0.042724609
13.6,3.167724609,-0.146484375
13.7,3.088378906,-0.079345703
13.8,3.015136719,-0.073242188
13.9,2.844238281,-0.170898438
14,2.770996094,-0.073242188
14.1,2.661132813,-0.109863281
14.2,2.545166016,-0.115966797
14.3,2.392578125,-0.152587891
14.4,2.288818359,-0.103759766
14.5,2.239990234,-0.048828125
14.6,2.032470703,-0.207519531
14.7,1.953125,-0.079345703
14.8,1.837158203,-0.115966797
14.9,1.751708984,-0.085449219
15,1.593017578,-0.158691406
15.1,1.586914063,-0.006103516
15.2,1.403808594,-0.183105469
15.3,1.330566406,-0.073242188
15.4,1.177978516,-0.152587891
15.5,1.043701172,-0.134277344
15.6,0.909423828,-0.134277344
15.7,0.836181641,-0.073242188
15.8,0.671386719,-0.164794922
15.9,0.665283203,-0.006103516
16,0.561523438,-0.103759766
16.1,0.445556641,-0.115966797
16.2,0.329589844,-0.115966797
16.3,0.317382813,-0.012207031
16.4,0.207519531,-0.109863281
16.5,0.183105469,-0.024414063
16.6,0.109863281,-0.073242188
16.7,0.128173828,0.018310547
16.8,0.030517578,-0.09765625
16.9,0,-0.030517578
17,-0.073242188,-0.073242188
17.1,-0.091552734,-0.018310547
17.2,-0.122070313,-0.030517578
17.3,-0.085449219,0.036621094
17.4,-0.164794922,-0.079345703
17.5,-0.177001953,-0.012207031
17.6,-0.286865234,-0.109863281
17.7,-0.225830078,0.061035156
17.8,-0.244140625,-0.018310547
17.9,-0.250244141,-0.006103516
18,-0.299072266,-0.048828125
18.1,-0.286865234,0.012207031
18.2,-0.286865234,0
18.3,-0.305175781,-0.018310547
18.4,-0.286865234,0.018310547
18.5,-0.299072266,-0.012207031
18.6,-0.268554688,0.030517578
18.7,-0.268554688,0
18.8,-0.201416016,0.067138672
18.9,-0.183105469,0.018310547
19,-0.231933594,-0.048828125
19.1,-0.170898438,0.061035156
19.2,-0.207519531,-0.036621094
19.3,-0.09765625,0.109863281
19.4,-0.189208984,-0.091552734
19.5,-0.134277344,0.054931641
19.6,-0.140380859,-0.006103516
19.7,-0.085449219,0.054931641
19.8,-0.054931641,0.030517578
19.9,-0.079345703,-0.024414063
20,0.042724609,0.122070313
20.1,-0.048828125,-0.091552734
20.2,-0.054931641,-0.006103516
20.3,-0.054931641,0
20.4,-0.048828125,0.006103516
20.5,-0.030517578,0.018310547
20.6,0,0.030517578
20.7,0.048828125,0.048828125
20.8,0.079345703,0.030517578
20.9,0.122070313,0.042724609
21,0.158691406,0.036621094
21.1,0.158691406,0
21.2,0.170898438,0.012207031
21.3,0.250244141,0.079345703
21.4,0.225830078,-0.024414063
21.5,0.280761719,0.054931641
21.6,0.29296875,0.012207031
21.7,0.341796875,0.048828125
21.8,0.347900391,0.006103516
21.9,0.360107422,0.012207031
22,0.427246094,0.067138672
22.1,0.378417969,-0.048828125
22.2,0.500488281,0.122070313
22.3,0.482177734,-0.018310547
22.4,0.469970703,-0.012207031
22.5,0.518798828,0.048828125
22.6,0.549316406,0.030517578
22.7,0.531005859,-0.018310547
22.8,0.573730469,0.042724609
22.9,0.610351563,0.036621094
23,0.628662109,0.018310547
23.1,0.579833984,-0.048828125
23.2,0.579833984,0
23.3,0.604248047,0.024414063
23.4,0.579833984,-0.024414063
23.5,0.610351563,0.030517578
23.6,0.628662109,0.018310547
23.7,0.598144531,-0.030517578
23.8,0.579833984,-0.018310547
23.9,0.640869141,0.061035156
24,0.671386719,0.030517578
24.1,0.701904297,0.030517578
24.2,0.677490234,-0.024414063
24.3,0.653076172,-0.024414063
24.4,0.714111328,0.061035156
24.5,0.640869141,-0.073242188
24.6,0.68359375,0.042724609
24.7,0.708007813,0.024414063
24.8,0.744628906,0.036621094
24.9,0.689697266,-0.054931641
25,0.726318359,0.036621094
25.1,0.708007813,-0.018310547
25.2,0.732421875,0.024414063
25.3,0.744628906,0.012207031
25.4,0.78125,0.036621094
25.5,0.726318359,-0.054931641
25.6,0.762939453,0.036621094
25.7,0.738525391,-0.024414063
25.8,0.799560547,0.061035156
25.9,0.769042969,-0.030517578
26,0.744628906,-0.024414063
26.1,0.805664063,0.061035156
26.2,0.793457031,-0.012207031
26.3,0.817871094,0.024414063
26.4,0.811767578,-0.006103516
26.5,0.811767578,0
26.6,0.872802734,0.061035156
26.7,0.872802734,0
26.8,0.836181641,-0.036621094
26.9,0.860595703,0.024414063
27,0.909423828,0.048828125
27.1,0.939941406,0.030517578
27.2,0.897216797,-0.042724609
27.3,0.915527344,0.018310547
27.4,0.909423828,-0.006103516
27.5,0.885009766,-0.024414063
27.6,0.897216797,0.012207031
27.7,0.939941406,0.042724609
27.8,0.921630859,-0.018310547
27.9,0.87890625,-0.042724609
28,0.891113281,0.012207031
28.1,0.958251953,0.067138672
28.2,0.939941406,-0.018310547
28.3,0.927734375,-0.012207031
28.4,0.964355469,0.036621094
28.5,0.915527344,-0.048828125
28.6,0.946044922,0.030517578
28.7,0.982666016,0.036621094
28.8,0.964355469,-0.018310547
28.9,0.988769531,0.024414063
29,0.939941406,-0.048828125
29.1,0.994873047,0.054931641
29.2,0.982666016,-0.012207031
29.3,0.952148438,-0.030517578
29.4,1.019287109,0.067138672
29.5,0.970458984,-0.048828125
29.6,0.964355469,-0.006103516
29.7,0.982666016,0.018310547
29.8,1.013183594,0.030517578
29.9,0.988769531,-0.024414063
30,0.988769531,0
30.1,1.031494141,0.042724609
30.2,1.019287109,-0.012207031
30.3,1.025390625,0.006103516
30.4,1.007080078,-0.018310547
30.5,1.062011719,0.054931641
30.6,1.031494141,-0.030517578
30.7,1.080322266,0.048828125
30.8,1.013183594,-0.067138672
30.9,1.049804688,0.036621094
31,1.092529297,0.042724609
31.1,1.068115234,-0.024414063
31.2,1.080322266,0.012207031
31.3,1.055908203,-0.024414063
31.4,1.031494141,-0.024414063
31.5,1.104736328,0.073242188
31.6,1.07421875,-0.030517578
31.7,1.080322266,0.006103516
31.8,1.080322266,0
31.9,1.068115234,-0.012207031
32,1.092529297,0.024414063
32.1,1.086425781,-0.006103516
32.2,1.104736328,0.018310547
32.3,1.062011719,-0.042724609
32.4,1.07421875,0.012207031
32.5,1.055908203,-0.018310547
32.6,1.159667969,0.103759766
32.7,1.110839844,-0.048828125
32.8,1.080322266,-0.030517578
32.9,1.055908203,-0.024414063
33,1.147460938,0.091552734
33.1,1.086425781,-0.061035156
33.2,1.092529297,0.006103516
33.3,1.055908203,-0.036621094
33.4,1.135253906,0.079345703
33.5,1.147460938,0.012207031
33.6,1.129150391,-0.018310547
33.7,1.165771484,0.036621094
33.8,1.159667969,-0.006103516
33.9,1.147460938,-0.012207031
34,1.171875,0.024414063
34.1,1.165771484,-0.006103516
34.2,1.153564453,-0.012207031
34.3,1.159667969,0.006103516
34.4,1.184082031,0.024414063
34.5,1.153564453,-0.030517578
34.6,1.153564453,0
34.7,1.153564453,0
34.8,1.147460938,-0.006103516
34.9,1.141357422,-0.006103516
35,1.147460938,0.006103516
35.1,1.135253906,-0.012207031
35.2,1.135253906,0
35.3,1.147460938,0.012207031
35.4,1.129150391,-0.018310547
35.5,1.141357422,0.012207031
35.6,1.135253906,-0.006103516
35.7,1.141357422,0.006103516
35.8,1.141357422,0
35.9,1.141357422,0
36,1.141357422,0
